Motif 1	RPN4	MacIsaac et al 2006
A:	0.1500	0.1000	0.0000	0.0000	0.0000	0.0000	0.0000	0.7000	0.9500	0.7500	0.4000
C:	0.5000	0.0000	0.0000	0.0500	0.0000	0.0000	1.0000	0.0500	0.0000	0.1000	0.2500
G:	0.3500	0.9000	1.0000	0.0000	1.0000	1.0000	0.0000	0.2500	0.0000	0.1000	0.0500
T:	0.0000	0.0000	0.0000	0.9500	0.0000	0.0000	0.0000	0.0000	0.0500	0.0500	0.3000

Motif 2	THI2	MacIsaac et al 2006
A:	0.1500	0.0000	0.4500	1.0000	0.9000	0.0000	0.0000	0.0500	0.3000	0.6000	0.9500	0.0000	1.0000	0.4000	0.0500	0.2000
C:	0.1000	0.0000	0.4500	0.0000	0.0500	0.9000	0.5500	0.5000	0.0500	0.0000	0.0000	0.0000	0.0000	0.0000	0.9000	0.4000
G:	0.6500	1.0000	0.0000	0.0000	0.0000	0.0500	0.0500	0.4000	0.0000	0.0000	0.0500	1.0000	0.0000	0.6000	0.0500	0.0000
T:	0.1000	0.0000	0.1000	0.0000	0.0500	0.0500	0.4000	0.0500	0.6500	0.4000	0.0000	0.0000	0.0000	0.0000	-0.0000	0.4000

Motif 4	SMP1	MacIsaac et al 2006
A:	0.0000	0.0000	0.0000	0.2500	0.2500	0.2500	0.2500	0.0000	0.0000	0.0000
C:	1.0000	1.0000	0.0000	0.2500	0.2500	0.2500	0.2500	1.0000	0.0000	0.0000
G:	0.0000	0.0000	1.0000	0.2500	0.2500	0.2500	0.2500	0.0000	1.0000	1.0000
T:	0.0000	0.0000	0.0000	0.2500	0.2500	0.2500	0.2500	0.0000	0.0000	0.0000

Motif 5	RTG3	MacIsaac et al 2006
A:	1.0000	0.0000	0.0000	1.0000	0.0000	0.0000	1.0000	0.5000	0.5000	0.5000	0.5000	0.0000	1.0000	0.0000
C:	0.0000	1.0000	0.0000	0.0000	1.0000	0.0000	0.0000	0.0000	0.0000	0.0000	0.0000	0.0000	0.0000	0.0000
G:	0.0000	0.0000	0.0000	0.0000	0.0000	0.0000	0.0000	0.0000	0.0000	0.0000	0.0000	0.0000	0.0000	1.0000
T:	0.0000	0.0000	1.0000	0.0000	0.0000	1.0000	0.0000	0.5000	0.5000	0.5000	0.5000	1.0000	0.0000	0.0000

Motif 6	CIN5	MacIsaac et al 2006
A:	0.5000	0.0000	0.0000	1.0000	0.0000	0.0500	0.1500	0.3500
C:	0.1000	0.0000	0.0000	0.0000	1.0000	0.1000	0.8500	0.2000
G:	0.3500	0.0000	1.0000	0.0000	0.0000	0.4500	0.0000	0.2500
T:	0.0500	1.0000	0.0000	0.0000	0.0000	0.4000	0.0000	0.2000

Motif 7	DAL82	MacIsaac et al 2006
A:	0.2500	0.0500	0.0000	1.0000	0.0000	0.3500	0.0000	0.8000	0.9000
C:	0.6500	0.1500	0.2000	0.0000	0.9000	0.2500	0.1000	0.1500	0.0500
G:	0.0500	0.0500	0.0000	0.0000	0.0000	0.4000	0.1000	0.0500	0.0500
T:	0.0500	0.7500	0.8000	0.0000	0.1000	0.0000	0.8000	-0.0000	-0.0000

Motif 8	DAL80	MacIsaac et al 2006
A:	0.8000	0.9500	0.6000	0.2500	0.3000	0.0500	0.0500	0.0000	0.0000	0.1500
C:	0.0000	0.0500	0.0500	0.2500	0.0500	0.2000	0.1000	0.7500	0.0000	0.5000
G:	0.2000	0.0000	0.1500	0.3500	0.1500	0.0000	0.8500	0.0000	1.0000	0.1500
T:	-0.0000	0.0000	0.2000	0.1500	0.5000	0.7500	0.0000	0.2500	0.0000	0.2000

Motif 9	DAL81	MacIsaac et al 2006
A:	0.0000	1.0000	0.0000	1.0000	1.0000
C:	0.0000	0.0000	0.0000	0.0000	0.0000
G:	1.0000	0.0000	0.0000	0.0000	0.0000
T:	0.0000	0.0000	1.0000	0.0000	0.0000

Motif 10	REB1	MacIsaac et al 2006
A:	1.0000	1.0000	1.0000	1.0000	0.0000	0.0000	0.0000	0.0000	0.0000	0.0000	0.0000	0.0000	0.0000	0.0000	0.0000	0.0000	1.0000	0.0000	0.0000
C:	0.0000	0.0000	0.0000	0.0000	0.0000	1.0000	1.0000	0.0000	1.0000	0.0000	0.0000	0.0000	1.0000	0.0000	0.0000	0.0000	0.0000	0.0000	0.0000
G:	0.0000	0.0000	0.0000	0.0000	1.0000	0.0000	0.0000	1.0000	0.0000	1.0000	1.0000	1.0000	0.0000	1.0000	1.0000	1.0000	0.0000	0.0000	0.0000
T:	0.0000	0.0000	0.0000	0.0000	0.0000	0.0000	0.0000	0.0000	0.0000	0.0000	0.0000	0.0000	0.0000	0.0000	0.0000	0.0000	0.0000	1.0000	1.0000

Motif 11	PUT3	MacIsaac et al 2006
A:	0.0000	0.0500	0.9500	0.0000	0.0000	0.0000	0.0000	0.0500
C:	0.0500	0.0500	0.0500	1.0000	1.0000	1.0000	0.0000	0.3000
G:	0.0500	0.0000	0.0000	0.0000	0.0000	0.0000	0.9500	0.6000
T:	0.9000	0.9000	0.0000	0.0000	0.0000	0.0000	0.0500	0.0500

Motif 12	BAS1	MacIsaac et al 2006
A:	0.0000	0.0000	0.0500	0.0500	0.9500	1.0000	0.1000	0.0000	0.0000	0.6500	0.3500	0.1000	0.1000	0.1000	0.1000	0.1000
C:	1.0000	0.0000	0.0000	0.1000	0.0000	0.0000	0.0000	1.0000	0.9000	0.3500	0.4000	0.5500	0.5500	0.7000	0.6500	0.1500
G:	0.0000	1.0000	0.9500	0.8500	0.0500	0.0000	0.9000	0.0000	0.1000	0.0000	0.1500	0.1000	0.1000	0.1000	0.1500	0.6500
T:	0.0000	0.0000	0.0000	0.0000	0.0000	0.0000	0.0000	0.0000	-0.0000	0.0000	0.1000	0.2500	0.2500	0.1000	0.1000	0.1000

Motif 13	YAP3	MacIsaac et al 2006
A:	0.0000	0.0000	0.9000	0.0000	0.0000	0.0000	0.0000	0.1500	0.2000	0.1500
C:	0.0000	0.0500	0.0000	0.9500	0.0500	1.0000	0.3500	0.1500	0.3500	0.4000
G:	0.1000	0.9500	0.1000	0.0000	0.0000	0.0000	0.2500	0.3000	0.2000	0.1500
T:	0.9000	0.0000	-0.0000	0.0500	0.9500	0.0000	0.4000	0.4000	0.2500	0.3000

Motif 14	SIP4	MacIsaac et al 2006
A:	0.0000	0.0000	1.0000	0.0000	0.0000	1.0000	1.0000
C:	0.0000	0.0000	0.0000	1.0000	0.0000	0.0000	0.0000
G:	0.0000	0.0000	0.0000	0.0000	0.0000	0.0000	0.0000
T:	1.0000	1.0000	0.0000	0.0000	1.0000	0.0000	0.0000

Motif 15	SOK2	MacIsaac et al 2006
A:	0.0500	0.2000	0.0000	0.0000	0.0000	0.1500	0.0000	0.0000	0.7000	0.9000	0.0000	0.0000	0.0500	0.6500	0.3000
C:	0.4500	0.2000	1.0000	0.0000	0.0000	0.3500	0.3500	0.2500	0.0000	0.0000	0.1500	0.0000	0.0000	0.0000	0.3000
G:	0.3000	0.0000	0.0000	0.9500	0.9000	0.1500	0.0000	0.5500	0.0000	0.0000	0.0000	1.0000	0.9500	0.3500	0.4000
T:	0.2000	0.6000	0.0000	0.0500	0.1000	0.3500	0.6500	0.2000	0.3000	0.1000	0.8500	0.0000	0.0000	0.0000	-0.0000

Motif 16	NDD1	MacIsaac et al 2006
A:	0.2000	0.0500	0.7500	0.0000	0.0000	0.2000	0.9500	0.5000
C:	0.1500	0.8000	0.0000	0.1500	0.0000	0.7000	0.0000	0.5000
G:	0.5500	0.0000	0.2500	0.8500	1.0000	0.0500	0.0500	0.0000
T:	0.1000	0.1500	0.0000	0.0000	0.0000	0.0500	0.0000	0.0000

Motif 17	FKH1	MacIsaac et al 2006
A:	0.5500	1.0000	0.6500	0.3000	0.0500	0.2000	0.0000	0.7000	0.7500	0.8500
C:	0.0000	0.0000	0.0000	0.2000	0.0000	0.0000	0.2500	0.2500	0.0000	0.0000
G:	0.4500	0.0000	0.2500	0.5000	0.9000	0.8000	0.6000	0.0500	0.2500	0.1500
T:	-0.0000	0.0000	0.1000	-0.0000	0.0500	0.0000	0.1500	0.0000	0.0000	0.0000

Motif 18	SKO1	MacIsaac et al 2006
A:	0.4000	0.4000	0.3500	0.2000	0.1000	0.0500	0.8500	1.0000	0.9500	0.0000	1.0000	0.6500
C:	0.2000	0.2000	0.2000	0.2000	0.0000	0.0500	0.1500	0.0000	0.0500	0.9500	0.0000	0.0500
G:	0.2500	0.2000	0.2500	0.3500	0.9000	0.0500	0.0000	0.0000	0.0000	0.0000	0.0000	0.1500
T:	0.1500	0.2000	0.2000	0.2500	0.0000	0.8500	0.0000	0.0000	0.0000	0.0500	0.0000	0.1500

Motif 19	FKH2	MacIsaac et al 2006
A:	0.0500	0.9500	0.0000	0.0500	0.0500	0.0500	0.9500	0.1500
C:	0.3000	0.0000	1.0000	0.0000	0.1000	0.9500	0.0000	0.2500
G:	0.0500	0.0500	0.0000	0.9500	0.0000	0.0000	0.0500	0.1000
T:	0.6000	0.0000	0.0000	0.0000	0.8500	0.0000	0.0000	0.5000

Motif 20	CBF1	MacIsaac et al 2006
A:	0.1500	0.3000	0.4000	0.5500	0.4500	0.3500	0.2000	0.1000	0.0500	0.8500	0.9500	1.0000	0.0000	0.9500	0.4500
C:	0.1500	0.2500	0.2000	0.1500	0.1500	0.2000	0.2500	0.0500	0.0000	0.1500	0.0000	0.0000	0.9000	0.0500	0.2000
G:	0.6000	0.3000	0.2500	0.1500	0.2000	0.2000	0.3500	0.8500	0.0500	0.0000	0.0500	0.0000	0.0500	0.0000	0.2000
T:	0.1000	0.1500	0.1500	0.1500	0.2000	0.2500	0.2000	0.0000	0.9000	0.0000	0.0000	0.0000	0.0500	0.0000	0.1500

Motif 21	GCR1	MacIsaac et al 2006
A:	0.1500	0.0000	0.0000	1.0000	0.0000	0.0000	0.0000	0.0000
C:	0.0000	0.0000	1.0000	0.0000	1.0000	0.0000	0.0000	0.0000
G:	0.8500	0.1500	0.0000	0.0000	0.0000	1.0000	0.0000	1.0000
T:	0.0000	0.8500	0.0000	0.0000	0.0000	0.0000	1.0000	0.0000

Motif 22	GCR2	MacIsaac et al 2006
A:	0.0500	0.0000	0.2000	0.0000	0.0500	0.0000	0.0000	0.0000	0.4000
C:	0.2000	0.0000	0.0000	1.0000	0.0500	0.0000	1.0000	1.0000	0.2500
G:	0.6000	0.8500	0.7500	0.0000	0.0000	0.0000	0.0000	0.0000	0.0000
T:	0.1500	0.1500	0.0500	0.0000	0.9000	1.0000	0.0000	0.0000	0.3500

Motif 23	YOX1	MacIsaac et al 2006
A:	0.1500	0.0000	0.0500	0.0000	0.0000	0.0000	0.3000
C:	0.1500	1.0000	0.0000	0.0000	1.0000	1.0000	0.3000
G:	0.6500	0.0000	0.0500	0.0000	0.0000	0.0000	0.0500
T:	0.0500	0.0000	0.9000	1.0000	0.0000	0.0000	0.3500

Motif 24	HAP1	MacIsaac et al 2006
A:	0.4500	0.9500	0.0000	0.0000	0.9500	0.0000	0.1000	0.0500	0.0000	0.0500	0.0000	0.0000	0.0000	0.6000	0.9500	0.6000	0.4500	0.2000	0.0000	0.0000
C:	0.5500	0.0500	0.0000	0.2000	0.0000	0.8000	0.1000	0.0000	0.0000	0.0000	1.0000	1.0000	0.3500	0.0000	0.0500	0.0000	0.3500	0.0000	0.0000	0.0500
G:	0.0000	0.0000	0.0000	0.0000	0.0000	0.2000	0.6500	0.0000	0.0000	0.0000	0.0000	0.0000	0.0000	0.4000	0.0000	0.1000	0.0000	0.6500	1.0000	0.9500
T:	0.0000	0.0000	1.0000	0.8000	0.0500	-0.0000	0.1500	0.9500	1.0000	0.9500	0.0000	0.0000	0.6500	0.0000	0.0000	0.3000	0.2000	0.1500	0.0000	0.0000

Motif 25	OPI1	MacIsaac et al 2006
A:	0.0000	0.0000	0.6000	0.2000	0.8000	0.6000	0.1500	0.2000	0.0000	0.0000
C:	0.9500	0.0000	0.0000	0.0500	0.0500	0.0500	0.4000	0.2500	0.7000	0.9500
G:	0.0500	1.0000	0.2500	0.0500	0.1500	0.1000	0.2000	0.2500	0.3000	0.0500
T:	0.0000	0.0000	0.1500	0.7000	-0.0000	0.2500	0.2500	0.3000	0.0000	0.0000

Motif 26	CRZ1	MacIsaac et al 2006
A:	0.1500	0.0000	1.0000	1.0000	0.0000	0.0000	0.2500
C:	0.5000	0.0000	0.0000	0.0000	1.0000	1.0000	0.3000
G:	0.2000	1.0000	0.0000	0.0000	0.0000	0.0000	0.4000
T:	0.1500	0.0000	0.0000	0.0000	0.0000	0.0000	0.0500

Motif 27	ABF1	MacIsaac et al 2006
A:	0.0000	0.5000	0.0000	0.0000	0.0000	0.0000	0.0000
C:	0.0000	0.0000	0.0000	0.0000	1.0000	0.0000	0.0000
G:	1.0000	0.0000	1.0000	1.0000	0.0000	0.0000	1.0000
T:	0.0000	0.5000	0.0000	0.0000	0.0000	1.0000	0.0000

Motif 28	YDR026C	MacIsaac et al 2006
A:	0.2000	0.5500	0.0000	0.0000	0.7500	0.0000	0.0500	0.3500	0.1000	0.3000	0.1500	1.0000	0.0000	0.0000	0.4000
C:	0.2000	0.0500	0.0000	1.0000	0.0000	0.7000	0.1500	0.2000	0.3000	0.2000	0.4000	0.0000	1.0000	0.0000	0.1500
G:	0.1500	0.4000	0.0000	0.0000	0.2500	0.0000	0.1000	0.1500	0.0500	0.3500	0.1500	0.0000	0.0000	1.0000	0.2500
T:	0.4500	-0.0000	1.0000	0.0000	0.0000	0.3000	0.7000	0.3000	0.5500	0.1500	0.3000	0.0000	0.0000	0.0000	0.2000

Motif 29	SUT1	MacIsaac et al 2006
A:	1.0000	0.0000	0.0000	0.0000	0.0000	0.0000
C:	0.0000	1.0000	1.0000	1.0000	0.0000	0.0000
G:	0.0000	0.0000	0.0000	0.0000	1.0000	1.0000
T:	0.0000	0.0000	0.0000	0.0000	0.0000	0.0000

Motif 30	AFT2	MacIsaac et al 2006
A:	0.1000	0.2000	0.0000	0.0000	0.0000	0.2000	0.2000
C:	0.6000	0.0500	1.0000	0.2500	0.1500	0.1500	0.0500
G:	0.2000	0.7500	0.0000	0.7500	0.8500	0.6500	0.7500
T:	0.1000	0.0000	0.0000	0.0000	0.0000	0.0000	0.0000

Motif 31	RFX1	MacIsaac et al 2006
A:	0.0000	0.1500	0.0000	0.9500	0.0000	0.0500	0.0000
C:	0.2500	0.0000	1.0000	0.0000	1.0000	0.9000	0.8500
G:	0.4000	0.8000	0.0000	0.0500	0.0000	0.0500	0.0500
T:	0.3500	0.0500	0.0000	0.0000	0.0000	-0.0000	0.1000

Motif 32	PHD1	MacIsaac et al 2006
A:	0.0000	0.0500	0.1000	0.0500	0.0000	0.0000	0.8500	0.0000	0.1500	0.0000	0.0500	0.7000	0.8500	0.0500
C:	0.0500	0.0000	0.1500	0.0500	0.5000	0.9500	0.1000	0.0500	0.0000	0.0000	0.6000	0.0000	0.0500	0.7500
G:	0.9500	0.0000	0.1000	0.9000	0.1000	0.0000	0.0500	0.2000	0.8000	0.9500	0.1500	0.2500	0.0500	0.1000
T:	0.0000	0.9500	0.6500	-0.0000	0.4000	0.0500	0.0000	0.7500	0.0500	0.0500	0.2000	0.0500	0.0500	0.1000

Motif 33	GLN3	MacIsaac et al 2006
A:	0.6000	0.0000	0.0000	0.1000	0.9000	0.2000
C:	0.0000	0.0000	0.0000	0.8500	0.0000	0.8000
G:	0.4000	1.0000	1.0000	0.0500	0.1000	0.0000
T:	0.0000	0.0000	0.0000	0.0000	-0.0000	0.0000

Motif 34	ACE2	MacIsaac et al 2006
A:	0.4500	0.0500	0.7500	0.0000	0.6500	0.7000	0.0000	0.5000	0.2500	0.4500
C:	0.3500	0.0000	0.0000	0.1000	0.1000	0.0000	0.1500	0.1500	0.1000	0.2000
G:	0.0500	0.9500	0.2500	0.0000	0.2000	0.3000	0.7000	0.3500	0.1000	0.2500
T:	0.1500	0.0000	0.0000	0.9000	0.0500	0.0000	0.1500	0.0000	0.5500	0.1000

Motif 35	SPT2	MacIsaac et al 2006
A:	0.6000	0.6000	0.0000	0.0000	0.4000	0.1500	0.0500	0.4500
C:	0.2000	0.0500	0.9000	0.9500	0.5500	0.0500	0.7000	0.5000
G:	0.2000	0.3500	0.0000	0.0000	0.0000	0.8000	0.0500	0.0500
T:	0.0000	0.0000	0.1000	0.0500	0.0500	-0.0000	0.2000	0.0000

Motif 36	YRR1	MacIsaac et al 2006
A:	0.6000	0.3500	0.0000	0.0500	0.7000	0.6000	0.4000	0.0000	1.0000	0.6500
C:	0.0000	0.2500	0.0000	0.0000	0.0000	0.1500	0.3000	0.0000	0.0000	0.0000
G:	0.0500	0.1000	0.0000	0.0000	0.3000	0.2500	0.3000	0.5000	0.0000	0.3500
T:	0.3500	0.3000	1.0000	0.9500	0.0000	0.0000	0.0000	0.5000	0.0000	0.0000

Motif 37	ZAP1	MacIsaac et al 2006
A:	0.0000	0.2000	0.2500	0.0000	0.0000	0.0500	0.0000	0.9500	0.0000	0.0000	0.0000	0.2000
C:	0.0000	0.1500	0.1000	0.2000	0.0500	0.0000	0.1500	0.0000	1.0000	0.7500	1.0000	0.0000
G:	0.0500	0.0000	0.0000	0.0000	0.9500	0.0000	0.0000	0.0000	0.0000	0.2500	0.0000	0.8000
T:	0.9500	0.6500	0.6500	0.8000	0.0000	0.9500	0.8500	0.0500	0.0000	0.0000	0.0000	0.0000

Motif 38	RME1	MacIsaac et al 2006
A:	1.0000	0.0000	0.0000	0.0000	0.0000	0.5500	1.0000	0.6000	0.0000	0.0000	0.0000	0.1000	0.6500	0.0500	0.2000
C:	0.0000	1.0000	1.0000	0.4500	0.0000	0.4000	0.0000	0.1000	0.0000	0.0000	0.0000	0.4500	0.0000	0.1000	0.0000
G:	0.0000	0.0000	0.0000	0.0000	0.0000	0.0500	0.0000	0.3000	1.0000	1.0000	0.0000	0.2000	0.3000	0.0000	0.8000
T:	0.0000	0.0000	0.0000	0.5500	1.0000	-0.0000	0.0000	0.0000	0.0000	0.0000	1.0000	0.2500	0.0500	0.8500	0.0000

Motif 39	DIG1	MacIsaac et al 2006
A:	0.0000	0.0500	0.0500	1.0000	0.7000	0.8000	0.1000	0.1000	0.4500	0.7500
C:	0.3000	0.4500	0.4500	0.0000	0.0000	0.2000	0.0000	0.0000	0.2500	0.0000
G:	0.0000	0.2000	0.2500	0.0000	0.1500	0.0000	0.9000	0.9000	0.2000	0.1500
T:	0.7000	0.3000	0.2500	0.0000	0.1500	-0.0000	0.0000	0.0000	0.1000	0.1000

Motif 40	SFP1	MacIsaac et al 2006
A:	0.4000	0.3000	0.4000	0.1500	0.4500	0.3000	0.2500	0.2000	0.3000	0.1000	0.0000	0.9500	0.8500	0.9000	0.0500	0.4500
C:	0.2000	0.3000	0.2000	0.6000	0.1500	0.2500	0.2000	0.2500	0.3000	0.1000	0.1000	0.0000	0.0000	0.0500	0.9000	0.1500
G:	0.2500	0.2000	0.2500	0.1000	0.2500	0.2500	0.2000	0.1500	0.2500	0.2000	0.9000	0.0000	0.1000	0.0500	0.0500	0.2500
T:	0.1500	0.2000	0.1500	0.1500	0.1500	0.2000	0.3500	0.4000	0.1500	0.6000	0.0000	0.0500	0.0500	-0.0000	-0.0000	0.1500

Motif 41	STB2	MacIsaac et al 2006
A:	0.5000	0.0000	0.0000	0.0000	0.8500	0.0000	0.0500	0.0500	0.3500	0.0500
C:	0.0500	0.0000	0.0000	0.1500	0.0000	0.5500	0.0000	0.0000	0.0000	0.1000
G:	0.4500	0.1000	1.0000	0.0500	0.0500	0.0000	0.9500	0.9500	0.6500	0.0500
T:	0.0000	0.9000	0.0000	0.8000	0.1000	0.4500	0.0000	0.0000	0.0000	0.8000

Motif 42	STB1	MacIsaac et al 2006
A:	0.0000	0.0000	0.0000	0.0000	0.0500	0.9500	0.8000	0.2500
C:	1.0000	0.0000	0.2500	0.0000	0.1500	0.0000	0.1000	0.3500
G:	0.0000	1.0000	0.7500	1.0000	0.0000	0.0000	0.1000	0.3000
T:	0.0000	0.0000	0.0000	0.0000	0.8000	0.0500	-0.0000	0.1000

Motif 43	STB5	MacIsaac et al 2006
A:	0.0000	0.0500	0.0000	0.0000	0.9500	0.9000	0.9500	0.7000
C:	0.9500	0.0000	1.0000	0.1000	0.0000	0.0500	0.0000	0.1000
G:	0.0500	0.9500	0.0000	0.9000	0.0500	0.0500	0.0500	0.0500
T:	0.0000	0.0000	0.0000	0.0000	0.0000	-0.0000	0.0000	0.1500

Motif 44	STB4	MacIsaac et al 2006
A:	0.0000	0.0000	0.0000	0.2000	0.0000	0.0500	0.0000	0.7500	0.2000	0.5000
C:	1.0000	0.0000	0.0500	0.1000	0.3000	0.2000	0.0500	0.0000	0.2000	0.1000
G:	0.0000	1.0000	0.9500	0.2000	0.6000	0.0500	0.0000	0.1000	0.0500	0.2000
T:	0.0000	0.0000	0.0000	0.5000	0.1000	0.7000	0.9500	0.1500	0.5500	0.2000

Motif 45	PHO2	MacIsaac et al 2006
A:	0.0000	0.0000	0.0000	0.1000	0.2500	0.2500	0.0000	0.0000	1.0000
C:	0.0000	1.0000	0.0000	0.1000	0.2500	0.2500	1.0000	0.0000	0.0000
G:	0.0000	0.0000	1.0000	0.7000	0.2500	0.2500	0.0000	1.0000	0.0000
T:	1.0000	0.0000	0.0000	0.1000	0.2500	0.2500	0.0000	0.0000	0.0000

Motif 46	PHO4	MacIsaac et al 2006
A:	0.8000	0.0000	0.0000	0.8500	1.0000	0.4000
C:	0.0000	0.3500	0.0000	0.0000	0.0000	0.1500
G:	0.0000	0.0000	0.0000	0.1500	0.0000	0.4500
T:	0.2000	0.6500	1.0000	0.0000	0.0000	-0.0000

Motif 47	MBP1	MacIsaac et al 2006
A:	0.0000	1.0000	0.0000	0.0000	0.0000	0.0000	0.1000
C:	1.0000	0.0000	1.0000	0.0000	0.0500	0.0000	0.2000
G:	0.0000	0.0000	0.0000	1.0000	0.0000	1.0000	0.6000
T:	0.0000	0.0000	0.0000	0.0000	0.9500	0.0000	0.1000

Motif 48	GAT1	MacIsaac et al 2006
A:	0.5500	0.0000	0.0000	0.0000	0.0000	0.0500	0.0000
C:	0.1500	1.0000	0.0000	1.0000	0.0000	0.0000	0.8000
G:	0.2000	0.0000	1.0000	0.0000	1.0000	0.0000	0.0000
T:	0.1000	0.0000	0.0000	0.0000	0.0000	0.9500	0.2000

Motif 49	RIM101	MacIsaac et al 2006
A:	0.5500	0.0000	1.0000	0.0000	1.0000	1.0000	0.0000
C:	0.1500	0.0000	0.0000	0.0000	0.0000	0.0000	0.0000
G:	0.1500	1.0000	0.0000	0.0000	0.0000	0.0000	1.0000
T:	0.1500	0.0000	0.0000	1.0000	0.0000	0.0000	0.0000

Motif 50	GAT3	MacIsaac et al 2006
A:	0.0000	0.0000	0.0000	0.0000	1.0000	1.0000	0.0000
C:	0.0000	0.0000	1.0000	1.0000	0.0000	0.0000	0.0000
G:	0.0000	1.0000	0.0000	0.0000	0.0000	0.0000	1.0000
T:	1.0000	0.0000	0.0000	0.0000	0.0000	0.0000	0.0000

Motif 51	RLM1	MacIsaac et al 2006
A:	0.8500	0.0000	0.7000	0.6500	0.1000	0.8500	0.0000	0.0000
C:	0.0500	0.0000	0.1000	0.1000	0.7500	0.0000	0.0000	0.0000
G:	0.0000	0.0000	0.0000	0.2000	0.1500	0.0000	0.0000	1.0000
T:	0.1000	1.0000	0.2000	0.0500	0.0000	0.1500	1.0000	0.0000

Motif 52	INO4	MacIsaac et al 2006
A:	0.0000	0.8500	0.1000	0.0500	0.0000	0.6000	0.2500	0.8000	0.0000	0.5000
C:	0.1500	0.0000	0.0000	0.0000	0.0500	0.0000	0.0500	0.0000	0.1500	0.1500
G:	0.0000	0.0500	0.0000	0.1000	0.2000	0.2000	0.2500	0.2000	0.8500	0.2000
T:	0.8500	0.1000	0.9000	0.8500	0.7500	0.2000	0.4500	-0.0000	0.0000	0.1500

Motif 53	INO2	MacIsaac et al 2006
A:	0.1000	0.0000	0.8000	0.0000	0.0500	0.0000	0.0500	0.8000	0.8000
C:	0.2000	0.9500	0.1000	0.0000	0.0000	0.0000	0.0000	0.0500	0.0500
G:	0.7000	0.0000	0.0000	0.0000	0.9500	0.0000	0.9500	0.1500	0.1500
T:	0.0000	0.0500	0.1000	1.0000	0.0000	1.0000	0.0000	-0.0000	-0.0000

Motif 54	ROX1	MacIsaac et al 2006
A:	0.0500	0.0000	0.9000	0.0000	0.0000	0.0500	0.0000	0.7500	0.8000
C:	0.1500	1.0000	0.1000	0.1500	0.0000	0.0000	0.1000	0.1500	0.0000
G:	0.8000	0.0000	0.0000	0.0000	1.0000	0.1000	0.9000	0.1000	0.0500
T:	-0.0000	0.0000	-0.0000	0.8500	0.0000	0.8500	0.0000	0.0000	0.1500

Motif 55	HAC1	MacIsaac et al 2006
A:	0.4500	0.3500	0.5500	0.7500	0.0000	0.1000	0.1000	0.0000	0.0000	0.1000
C:	0.0500	0.0000	0.4500	0.0000	0.4500	0.9000	0.8500	0.9500	0.1500	0.6000
G:	0.2500	0.4000	0.0000	0.2500	0.5500	0.0000	0.0500	0.0000	0.7500	0.3000
T:	0.2500	0.2500	-0.0000	0.0000	0.0000	0.0000	0.0000	0.0500	0.1000	0.0000

Motif 56	YDR520C	MacIsaac et al 2006
A:	0.8000	0.0500	0.0500	0.4000	0.0000	1.0000	0.0000	0.0000	0.1500	0.9000
C:	0.0000	0.0000	0.0000	0.6000	1.0000	0.0000	1.0000	0.0000	0.0000	0.0000
G:	0.0000	0.6500	0.9500	0.0000	0.0000	0.0000	0.0000	1.0000	0.0000	0.0000
T:	0.2000	0.3000	0.0000	0.0000	0.0000	0.0000	0.0000	0.0000	0.8500	0.1000

Motif 57	MSN2	MacIsaac et al 2006
A:	0.1500	0.0000	0.0500	0.0000	0.0000	0.0000	0.0500	0.0000	0.0000	0.1000	0.6000
C:	0.1000	1.0000	0.0500	1.0000	1.0000	0.0000	0.1000	1.0000	0.0000	0.1000	0.1500
G:	0.2000	0.0000	0.1500	0.0000	0.0000	1.0000	0.8500	0.0000	1.0000	0.7000	0.1000
T:	0.5500	0.0000	0.7500	0.0000	0.0000	0.0000	0.0000	0.0000	0.0000	0.1000	0.1500

Motif 58	ARR1	MacIsaac et al 2006
A:	0.4000	1.0000	0.0000	0.0000	0.0000	0.0000	0.0500
C:	0.4000	0.0000	0.0000	0.0000	0.0000	0.0000	0.6000
G:	0.1000	0.0000	1.0000	1.0000	1.0000	1.0000	0.2000
T:	0.1000	0.0000	0.0000	0.0000	0.0000	0.0000	0.1500

Motif 59	MSN4	MacIsaac et al 2006
A:	1.0000	0.1000	0.1500	0.0000	0.3000	0.7000	0.8000	0.0500
C:	0.0000	0.4000	0.4000	0.0000	0.0000	0.2500	0.0000	0.0500
G:	0.0000	0.1500	0.0000	0.0000	0.7000	0.0500	0.2000	0.1500
T:	0.0000	0.3500	0.4500	1.0000	0.0000	0.0000	-0.0000	0.7500

Motif 60	SPT23	MacIsaac et al 2006
A:	0.6000	0.9500	0.1500	0.0000	0.0000	0.0000	0.2000
C:	0.2500	0.0500	0.0000	0.0000	0.0000	0.0000	0.3500
G:	0.1500	0.0000	0.8500	1.0000	1.0000	1.0000	0.3500
T:	0.0000	0.0000	0.0000	0.0000	0.0000	0.0000	0.1000

Motif 61	YER051W	MacIsaac et al 2006
A:	0.4500	1.0000	0.8500	0.8500	0.0000	0.0000	0.6000	0.9500
C:	0.0000	0.0000	0.0000	0.0000	0.2500	0.5500	0.2000	0.0000
G:	0.5500	0.0000	0.1500	0.0000	0.0000	0.3000	0.1000	0.0500
T:	0.0000	0.0000	0.0000	0.1500	0.7500	0.1500	0.1000	0.0000

Motif 62	GAL4	MacIsaac et al 2006
A:	0.0000	0.0000	0.0500	0.0000	1.0000	1.0000
C:	0.0000	0.0000	0.9500	0.0000	0.0000	0.0000
G:	0.0000	0.0000	0.0000	0.9500	0.0000	0.0000
T:	1.0000	1.0000	0.0000	0.0500	0.0000	0.0000

Motif 63	PDR1	MacIsaac et al 2006
A:	0.0000	0.0000	0.0000	0.5500	0.1000	0.1500	0.4500	0.0500	0.6500	0.0500	0.0500	0.0000	0.0000	0.1000	0.0000	0.0000	0.0000	0.5000
C:	1.0000	0.0000	0.0500	0.2000	0.5000	0.2000	0.1000	0.7000	0.0000	0.4500	0.3000	0.2500	0.7500	0.5500	1.0000	1.0000	0.0000	0.1500
G:	0.0000	1.0000	0.9500	0.1500	0.4000	0.2500	0.4500	0.2500	0.0000	0.4000	0.0000	0.5500	0.2000	0.2000	0.0000	0.0000	1.0000	0.2500
T:	0.0000	0.0000	0.0000	0.1000	0.0000	0.4000	0.0000	0.0000	0.3500	0.1000	0.6500	0.2000	0.0500	0.1500	0.0000	0.0000	0.0000	0.1000

Motif 64	FHL1	MacIsaac et al 2006
A:	0.0500	0.0000	0.0000	0.0000	0.0000	0.1000	0.7000	0.9000	0.4000	0.5500	0.5500
C:	0.8500	0.7500	0.0000	0.9500	1.0000	0.0000	0.0000	0.0500	0.0000	0.1500	0.1500
G:	0.0500	0.2000	1.0000	0.0500	0.0000	0.8500	0.3000	0.0500	0.1000	0.3000	0.1500
T:	0.0500	0.0500	0.0000	0.0000	0.0000	0.0500	0.0000	-0.0000	0.5000	-0.0000	0.1500

Motif 65	RDS1	MacIsaac et al 2006
A:	0.6000	0.0000	0.0000	0.0000	0.8000	0.0000	0.1000	0.0000	0.4500	0.0000
C:	0.0500	0.0000	0.0000	0.1500	0.1000	0.8500	0.0000	0.0000	0.1000	0.1000
G:	0.3000	0.1500	1.0000	0.0500	0.0500	0.0000	0.9000	1.0000	0.4500	0.1000
T:	0.0500	0.8500	0.0000	0.8000	0.0500	0.1500	0.0000	0.0000	0.0000	0.8000

Motif 66	CST6	MacIsaac et al 2006
A:	0.0000	0.0000	0.0000	0.0000	0.0000	0.0000
C:	1.0000	0.0000	0.0000	1.0000	1.0000	0.0000
G:	0.0000	1.0000	1.0000	0.0000	0.0000	1.0000
T:	0.0000	0.0000	0.0000	0.0000	0.0000	0.0000

Motif 67	RLR1	MacIsaac et al 2006
A:	0.1500	0.0500	0.0000	1.0000	0.0000	0.0000	0.0000	0.2500
C:	0.2000	0.1500	1.0000	0.0000	0.0000	0.0000	0.1500	0.3500
G:	0.2000	0.7000	0.0000	0.0000	0.0000	0.0000	0.0500	0.1500
T:	0.4500	0.1000	0.0000	0.0000	1.0000	1.0000	0.8000	0.2500

Motif 68	CAD1	MacIsaac et al 2006
A:	1.0000	0.0000	1.0000	0.0000	0.0000	0.3000	0.1000	0.0000	0.1500	0.3000	0.1000	1.0000	0.0000	0.1000	0.5000
C:	0.0000	1.0000	0.0000	0.0000	0.0000	0.2500	0.5000	0.0000	0.2500	0.2500	0.8000	0.0000	0.0000	0.0000	0.0000
G:	0.0000	0.0000	0.0000	1.0000	0.0000	0.0000	0.0000	0.0000	0.0000	0.0000	0.0000	0.0000	1.0000	0.5000	0.0000
T:	0.0000	0.0000	0.0000	0.0000	1.0000	0.4500	0.4000	1.0000	0.6000	0.4500	0.1000	0.0000	0.0000	0.4000	0.5000

Motif 69	TEC1	MacIsaac et al 2006
A:	0.0500	0.2000	0.0000	0.0000	0.8500	0.0000	0.1000	0.9500	1.0000	0.0000
C:	0.0000	0.7500	0.0500	0.0000	0.1000	0.8500	0.0000	0.0500	0.0000	0.1000
G:	0.9000	0.0000	0.0000	0.3500	0.0000	0.1000	0.0500	0.0000	0.0000	0.0500
T:	0.0500	0.0500	0.9500	0.6500	0.0500	0.0500	0.8500	0.0000	0.0000	0.8500

Motif 70	ARO80	MacIsaac et al 2006
A:	0.2000	0.4500	0.0000	1.0000	0.0000	0.0000	0.0000	0.0000
C:	0.4000	0.1000	1.0000	0.0000	0.0000	0.0500	1.0000	0.3000
G:	0.2000	0.3500	0.0000	0.0000	0.0000	0.0000	0.0000	0.2000
T:	0.2000	0.1000	0.0000	0.0000	1.0000	0.9500	0.0000	0.5000

Motif 71	MIG1	MacIsaac et al 2006
A:	0.0500	0.0000	0.0000	0.2500	0.0000	0.3500	0.3500	0.0000	0.4000	0.3000	0.0000	0.0000	0.0000	0.3000	0.0500	0.8500	0.1000	0.0000	0.0000	0.0500	0.0000	0.0000	0.0000
C:	0.9500	1.0000	0.0000	0.2000	0.1500	0.0000	0.1500	0.0000	0.0500	0.2000	1.0000	1.0000	0.0000	0.7000	0.3500	0.0000	0.0000	0.0000	0.0000	0.0000	1.0000	1.0000	0.0000
G:	0.0000	0.0000	1.0000	0.2000	0.8000	0.4000	0.4000	0.0000	0.0000	0.5000	0.0000	0.0000	1.0000	0.0000	0.6000	0.0500	0.4000	0.0000	0.0000	0.9500	0.0000	0.0000	1.0000
T:	0.0000	0.0000	0.0000	0.3500	0.0500	0.2500	0.1000	1.0000	0.5500	-0.0000	0.0000	0.0000	0.0000	0.0000	0.0000	0.1000	0.5000	1.0000	1.0000	0.0000	0.0000	0.0000	0.0000

Motif 72	GCN4	MacIsaac et al 2006
A:	0.5000	0.5000	0.5000	0.5000	0.0000	0.0000	0.0000	0.0000	0.0000	0.0000
C:	0.0000	0.0000	0.0000	0.0000	0.5000	0.5000	0.0000	0.0000	0.0000	0.0000
G:	0.0000	0.0000	0.0000	0.0000	0.5000	0.0000	1.0000	1.0000	1.0000	1.0000
T:	0.5000	0.5000	0.5000	0.5000	0.0000	0.5000	0.0000	0.0000	0.0000	0.0000

Motif 73	YAP6	MacIsaac et al 2006
A:	0.5500	0.0000	0.0000	1.0000	0.0000	0.0000	0.1500	0.7000
C:	0.0500	0.0000	0.0000	0.0000	0.9000	0.0500	0.8500	0.0500
G:	0.4000	0.0000	1.0000	0.0000	0.1000	0.0000	0.0000	0.1000
T:	-0.0000	1.0000	0.0000	0.0000	-0.0000	0.9500	0.0000	0.1500

Motif 74	YAP7	MacIsaac et al 2006
A:	0.1000	0.0000	1.0000	0.0000	0.5500	0.0000	0.7500	0.5500
C:	0.0500	0.0500	0.0000	1.0000	0.0000	0.0500	0.1000	0.2000
G:	0.2500	0.0000	0.0000	0.0000	0.4500	0.0000	0.0500	0.1000
T:	0.6000	0.9500	0.0000	0.0000	-0.0000	0.9500	0.1000	0.1500

Motif 75	YAP5	MacIsaac et al 2006
A:	0.1000	0.3000	0.0500	0.0000	0.9500	0.0000	0.0000	0.8500	0.9500	0.1000
C:	0.1500	0.6000	0.0500	0.0000	0.0000	0.8500	0.1000	0.1000	0.0000	0.0500
G:	0.6000	0.1000	0.0500	0.3000	0.0500	0.1000	0.0000	0.0500	0.0500	0.2500
T:	0.1500	-0.0000	0.8500	0.7000	0.0000	0.0500	0.9000	0.0000	0.0000	0.6000

Motif 76	PDR3	MacIsaac et al 2006
A:	0.7500	0.6500	0.4000	0.0000	1.0000	0.1000
C:	0.0000	0.0000	0.0000	0.9500	0.0000	0.0500
G:	0.0500	0.3500	0.6000	0.0000	0.0000	0.0000
T:	0.2000	0.0000	0.0000	0.0500	0.0000	0.8500

Motif 77	YAP1	MacIsaac et al 2006
A:	0.0000	0.0000	0.0000	0.0000	0.0000	0.0000	0.0000	1.0000
C:	0.0000	1.0000	1.0000	0.0000	1.0000	0.0000	0.0000	0.0000
G:	0.0000	0.0000	0.0000	1.0000	0.0000	1.0000	1.0000	0.0000
T:	1.0000	0.0000	0.0000	0.0000	0.0000	0.0000	0.0000	0.0000

Motif 78	RGT1	MacIsaac et al 2006
A:	0.1500	0.0500	0.0500	0.0000	0.0500	0.9000	0.1000	0.0000	0.8000	0.9500	0.3000
C:	0.2500	0.0500	0.9000	0.1000	0.0500	0.0500	0.8500	0.0000	0.0500	0.0000	0.1500
G:	0.2000	0.8000	0.0000	0.0500	0.7000	0.0000	0.0500	0.1000	0.1500	0.0000	0.2000
T:	0.4000	0.1000	0.0500	0.8500	0.2000	0.0500	0.0000	0.9000	-0.0000	0.0500	0.3500

Motif 79	MET4	MacIsaac et al 2006
A:	0.0000	0.0000	0.0000	0.0000	0.0000	1.0000	0.7500	0.9500	1.0000	1.0000
C:	0.4000	0.5000	0.9500	0.0000	0.0000	0.0000	0.0000	0.0000	0.0000	0.0000
G:	0.6000	0.1500	0.0000	1.0000	1.0000	0.0000	0.0000	0.0000	0.0000	0.0000
T:	0.0000	0.3500	0.0500	0.0000	0.0000	0.0000	0.2500	0.0500	0.0000	0.0000

Motif 80	MET28	MacIsaac et al 2006
A:	1.0000	0.5000	0.0000	0.0000	0.0000	0.0000	0.0000	0.0000
C:	0.0000	0.2500	0.8000	0.0000	0.0000	0.0000	0.0000	0.0000
G:	0.0000	0.2500	0.0000	0.0000	1.0000	0.0000	1.0000	1.0000
T:	0.0000	0.0000	0.2000	1.0000	0.0000	1.0000	0.0000	0.0000

Motif 81	SUM1	MacIsaac et al 2006
A:	0.0000	0.0000	0.0000	0.0000	0.0000	0.0000
C:	1.0000	0.0000	0.0000	0.0000	0.0000	0.0000
G:	0.0000	0.0000	1.0000	0.0000	1.0000	1.0000
T:	0.0000	1.0000	0.0000	1.0000	0.0000	0.0000

Motif 82	STP1	MacIsaac et al 2006
A:	0.3500	0.2500	0.2500	0.0000	0.0000	0.3500	0.0000	0.9500	0.0000	0.3000	0.8500	0.9000	0.4000	0.2000
C:	0.3000	0.2500	0.1000	0.6000	0.0000	0.0500	1.0000	0.0000	0.4000	0.3000	0.0500	0.0500	0.2000	0.1500
G:	0.2000	0.2500	0.5500	0.0000	1.0000	0.0000	0.0000	0.0500	0.6000	0.0000	0.1000	0.0500	0.1000	0.2500
T:	0.1500	0.2500	0.1000	0.4000	0.0000	0.6000	0.0000	0.0000	0.0000	0.4000	0.0000	-0.0000	0.3000	0.4000

Motif 83	STP4	MacIsaac et al 2006
A:	0.0000	0.2000	0.0000	0.0000	0.0500	0.0000	0.0000	0.0000
C:	0.4000	0.0000	1.0000	0.0000	0.0000	1.0000	0.0000	0.4500
G:	0.2000	0.8000	0.0000	1.0000	0.9500	0.0000	0.6000	0.3000
T:	0.4000	0.0000	0.0000	0.0000	0.0000	0.0000	0.4000	0.2500

Motif 84	CHA4	MacIsaac et al 2006
A:	0.0000	0.0000	0.0000	0.0000	0.0000	0.0000	0.0000	0.0000	0.2000	0.5500	0.0000	0.2500	0.0000	0.0000	0.2000
C:	1.0000	0.0000	1.0000	1.0000	0.0000	0.4500	0.0000	0.0000	0.4000	0.0000	0.6500	0.0000	1.0000	0.0000	0.8000
G:	0.0000	1.0000	0.0000	0.0000	1.0000	0.0000	0.8000	0.5000	0.4000	0.4500	0.3500	0.5000	0.0000	1.0000	0.0000
T:	0.0000	0.0000	0.0000	0.0000	0.0000	0.5500	0.2000	0.5000	0.0000	-0.0000	0.0000	0.2500	0.0000	0.0000	0.0000

Motif 85	SWI5	MacIsaac et al 2006
A:	0.1000	0.0500	0.0000	0.0000	1.0000	0.0500	0.1000	0.6000	0.2500
C:	0.1000	0.0500	1.0000	0.0000	0.0000	0.1500	0.1500	0.2500	0.0000
G:	0.0500	0.9000	0.0000	1.0000	0.0000	0.0500	0.7000	0.0500	0.5000
T:	0.7500	-0.0000	0.0000	0.0000	0.0000	0.7500	0.0500	0.1000	0.2500

Motif 86	SWI4	MacIsaac et al 2006
A:	0.0500	0.0500	0.0000	0.0000	0.0000	0.1000	0.1500	0.1500
C:	0.2000	0.0500	0.9500	0.0500	0.0500	0.1000	0.3000	0.2000
G:	0.2500	0.9000	0.0000	0.1500	0.9500	0.7500	0.1500	0.2500
T:	0.5000	-0.0000	0.0500	0.8000	0.0000	0.0500	0.4000	0.4000

Motif 87	SWI6	MacIsaac et al 2006
A:	0.4000	0.0000	0.2500	0.0000	0.0000	0.8500	1.0000	1.0000	0.3500
C:	0.2500	1.0000	0.0000	1.0000	0.0500	0.0000	0.0000	0.0000	0.2000
G:	0.2000	0.0000	0.7500	0.0000	0.9500	0.1500	0.0000	0.0000	0.2500
T:	0.1500	0.0000	0.0000	0.0000	0.0000	0.0000	0.0000	0.0000	0.2000

Motif 88	ECM22	MacIsaac et al 2006
A:	0.2000	0.8500	0.0000	0.1000	0.0000	0.1000
C:	0.0500	0.0000	1.0000	0.0000	1.0000	0.0000
G:	0.7500	0.1500	0.0000	0.9000	0.0000	0.9000
T:	0.0000	0.0000	0.0000	0.0000	0.0000	0.0000

Motif 89	TYE7	MacIsaac et al 2006
A:	0.0000	0.0000	0.0000	0.0000	0.0000	1.0000	0.0000	1.0000	1.0000	0.0000	0.0000
C:	1.0000	0.0000	1.0000	0.0000	0.0000	0.0000	0.0000	0.0000	0.0000	0.0000	1.0000
G:	0.0000	0.0000	0.0000	1.0000	0.0000	0.0000	0.0000	0.0000	0.0000	1.0000	0.0000
T:	0.0000	1.0000	0.0000	0.0000	1.0000	0.0000	1.0000	0.0000	0.0000	0.0000	0.0000

Motif 90	RCS1	MacIsaac et al 2006
A:	0.3000	0.1000	0.0000	0.8000	0.0000	0.0000	0.0500	0.0000
C:	0.1500	0.1500	0.9000	0.0000	0.9000	0.0500	0.1000	0.0500
G:	0.4500	0.0500	0.0500	0.1000	0.1000	0.9500	0.0000	0.9500
T:	0.1000	0.7000	0.0500	0.1000	-0.0000	0.0000	0.8500	0.0000

Motif 91	STE12	MacIsaac et al 2006
A:	0.0500	0.1000	0.0000	0.8500	0.0000	0.0000	0.0000
C:	0.2000	0.0500	1.0000	0.0000	0.9500	1.0000	0.7000
G:	0.1500	0.8500	0.0000	0.1500	0.0500	0.0000	0.0500
T:	0.6000	0.0000	0.0000	0.0000	0.0000	0.0000	0.2500

Motif 92	ARG81	MacIsaac et al 2006
A:	0.0500	0.0000	0.9000	0.9000	0.9500	0.0000	0.6000
C:	0.1500	0.0500	0.0500	0.0500	0.0000	0.9500	0.0500
G:	0.1000	0.9500	0.0500	0.0500	0.0500	0.0500	0.3000
T:	0.7000	0.0000	-0.0000	-0.0000	0.0000	0.0000	0.0500

Motif 93	ARG80	MacIsaac et al 2006
A:	0.3000	0.0500	0.0500	1.0000	0.0000	0.0000	0.0000	0.3000
C:	0.0500	0.0000	0.0000	0.0000	1.0000	0.0000	1.0000	0.3500
G:	0.4500	0.0500	0.9500	0.0000	0.0000	0.0000	0.0000	0.0000
T:	0.2000	0.9000	0.0000	0.0000	0.0000	1.0000	0.0000	0.3500

Motif 94	RPH1	MacIsaac et al 2006
A:	0.5500	0.0000	1.0000	0.0000	0.2000	0.0000
C:	0.0000	0.0000	0.0000	1.0000	0.0000	0.9500
G:	0.0000	1.0000	0.0000	0.0000	0.4500	0.0000
T:	0.4500	0.0000	0.0000	0.0000	0.3500	0.0500

Motif 95	ASH1	MacIsaac et al 2006
A:	0.0000	0.0000	0.0000	0.0000	0.0000	0.0000	1.0000	1.0000	0.0000	0.0000
C:	1.0000	1.0000	1.0000	1.0000	0.0000	0.0000	0.0000	0.0000	0.0000	0.0000
G:	0.0000	0.0000	0.0000	0.0000	0.0000	0.0000	0.0000	0.0000	1.0000	1.0000
T:	0.0000	0.0000	0.0000	0.0000	1.0000	1.0000	0.0000	0.0000	0.0000	0.0000

Motif 96	XBP1	MacIsaac et al 2006
A:	0.0000	0.0000	0.2500	0.2500	0.7000	0.0000	0.1500	0.4000	0.0000	0.0000
C:	0.8500	1.0000	0.1000	0.2500	0.0000	0.0500	0.6500	0.0000	0.0000	0.0000
G:	0.0500	0.0000	0.6000	0.4500	0.3000	0.1000	0.0500	0.4500	0.9500	0.9500
T:	0.1000	0.0000	0.0500	0.0500	0.0000	0.8500	0.1500	0.1500	0.0500	0.0500

Motif 97	IME1	MacIsaac et al 2006
A:	0.0000	0.0000	0.0500	0.0000	1.0000	0.1000	0.0000	0.4000
C:	0.7500	0.0000	0.9500	0.0000	0.0000	0.0000	0.0500	0.3000
G:	0.1500	0.0000	0.0000	1.0000	0.0000	0.9000	0.9500	0.1500
T:	0.1000	1.0000	0.0000	0.0000	0.0000	0.0000	0.0000	0.1500

Motif 98	SNT2	MacIsaac et al 2006
A:	0.0000	0.0000	0.0000	0.0000	0.0000	0.0000	1.0000	0.0500
C:	1.0000	0.8000	0.0000	1.0000	0.6500	0.0000	0.0000	0.0000
G:	0.0000	0.2000	1.0000	0.0000	0.3000	1.0000	0.0000	0.9500
T:	0.0000	-0.0000	0.0000	0.0000	0.0500	0.0000	0.0000	0.0000

Motif 99	MAC1	MacIsaac et al 2006
A:	0.4000	0.1500	0.0000	0.4500	0.0000	1.0000	0.0000	0.0000	0.0000	0.0000	0.0000	0.2000	0.1500	0.2500	0.1500
C:	0.1500	0.1000	0.0000	0.1000	0.0000	0.0000	0.0000	1.0000	0.0000	1.0000	1.0000	0.0500	0.4500	0.3000	0.4500
G:	0.1500	0.1500	1.0000	0.4500	0.0000	0.0000	1.0000	0.0000	1.0000	0.0000	0.0000	0.7500	0.1500	0.2000	0.1500
T:	0.3000	0.6000	0.0000	0.0000	1.0000	0.0000	0.0000	0.0000	0.0000	0.0000	0.0000	0.0000	0.2500	0.2500	0.2500

Motif 100	MATA1	MacIsaac et al 2006
A:	0.1000	0.0500	0.6000	0.1500	0.1000	0.4500	0.6500	0.4500	0.4000	0.9000
C:	0.1500	0.0500	0.4000	0.0000	0.7500	0.0000	0.0000	0.3500	0.1500	0.0000
G:	0.2000	0.9000	0.0000	0.8500	0.1000	0.5500	0.1500	0.1000	0.3000	0.1000
T:	0.5500	-0.0000	0.0000	0.0000	0.0500	0.0000	0.2000	0.1000	0.1500	-0.0000

Motif 101	GZF3	MacIsaac et al 2006
A:	0.5000	0.0000	1.0000	0.0000	1.0000	1.0000	0.0000
C:	0.0000	1.0000	0.0000	1.0000	0.0000	0.0000	0.0000
G:	0.5000	0.0000	0.0000	0.0000	0.0000	0.0000	0.0000
T:	0.0000	0.0000	0.0000	0.0000	0.0000	0.0000	1.0000

Motif 102	NRG1	MacIsaac et al 2006
A:	0.0000	1.0000	0.0000	1.0000	1.0000	0.0000
C:	0.0000	0.0000	0.0000	0.0000	0.0000	0.0000
G:	1.0000	0.0000	0.0000	0.0000	0.0000	1.0000
T:	0.0000	0.0000	1.0000	0.0000	0.0000	0.0000

Motif 103	YML081W	MacIsaac et al 2006
A:	0.1500	0.0500	0.8500	0.0000	0.0000	0.0000	0.0500
C:	0.0500	0.0500	0.0500	1.0000	1.0000	1.0000	0.2000
G:	0.8000	0.9000	0.0000	0.0000	0.0000	0.0000	0.1000
T:	-0.0000	-0.0000	0.1000	0.0000	0.0000	0.0000	0.6500

Motif 104	YHP1	MacIsaac et al 2006
A:	0.0000	0.1000	1.0000	0.0000	0.0000	0.1000	0.0000	0.0000	1.0000	0.5000
C:	0.8500	0.9000	0.0000	0.0000	0.0000	0.8000	0.0000	0.0000	0.0000	0.5000
G:	0.1500	0.0000	0.0000	1.0000	0.0000	0.0000	0.0000	0.8000	0.0000	0.0000
T:	0.0000	0.0000	0.0000	0.0000	1.0000	0.1000	1.0000	0.2000	0.0000	0.0000

Motif 105	ADR1	MacIsaac et al 2006
A:	0.0000	1.0000	1.0000	0.0000	0.0000	0.0000
C:	0.0000	0.0000	0.0000	0.0000	0.0000	0.0000
G:	0.0000	0.0000	0.0000	0.0000	0.0000	1.0000
T:	1.0000	0.0000	0.0000	1.0000	1.0000	0.0000

Motif 106	GTS1	MacIsaac et al 2006
A:	0.2500	0.0000	0.0000	0.5000	0.0000	0.0000
C:	0.2500	0.0000	0.0000	0.0000	0.0000	0.0000
G:	0.2500	1.0000	1.0000	0.5000	1.0000	0.5000
T:	0.2500	0.0000	0.0000	0.0000	0.0000	0.5000

Motif 107	UME6	MacIsaac et al 2006
A:	0.1500	1.0000	0.0000	0.0000	0.7500	1.0000
C:	0.0000	0.0000	0.8500	1.0000	0.0000	0.0000
G:	0.0000	0.0000	0.0500	0.0000	0.2500	0.0000
T:	0.8500	0.0000	0.1000	0.0000	0.0000	0.0000

Motif 108	GAL80	MacIsaac et al 2006
A:	0.1500	0.8000	0.0500	0.0000	0.0000	0.0000	0.0000	0.0000	0.1000	0.7500
C:	0.1500	0.1000	0.0000	1.0000	1.0000	0.0000	1.0000	0.8500	0.2500	0.0500
G:	0.1500	0.0000	0.9500	0.0000	0.0000	1.0000	0.0000	0.1000	0.6500	0.2000
T:	0.5500	0.1000	0.0000	0.0000	0.0000	0.0000	0.0000	0.0500	0.0000	0.0000

Motif 109	AZF1	MacIsaac et al 2006
A:	0.0000	0.0000	0.0000	0.2500	0.2500	0.2500	0.2500	0.2500	0.2500	0.2500	0.2500	0.2500	0.2500	0.2500	0.0000	0.0000	0.0000
C:	1.0000	0.0000	0.0000	0.2500	0.2500	0.2500	0.2500	0.2500	0.2500	0.2500	0.2500	0.2500	0.2500	0.2500	1.0000	1.0000	0.0000
G:	0.0000	1.0000	1.0000	0.2500	0.2500	0.2500	0.2500	0.2500	0.2500	0.2500	0.2500	0.2500	0.2500	0.2500	0.0000	0.0000	1.0000
T:	0.0000	0.0000	0.0000	0.2500	0.2500	0.2500	0.2500	0.2500	0.2500	0.2500	0.2500	0.2500	0.2500	0.2500	0.0000	0.0000	0.0000

Motif 110	LEU3	MacIsaac et al 2006
A:	0.0000	0.3000	0.0000	0.0000	0.0000	0.1000	0.0000	0.0500	0.0500	0.0500	0.0000	0.0500	0.2000	0.1500	0.0000	0.0000	0.0000	0.0000
C:	0.3500	0.1000	0.0000	0.0000	0.0000	0.7000	0.0000	0.0500	0.1500	0.3000	0.5500	0.9000	0.0000	0.0000	0.4500	0.1500	0.0500	0.7000
G:	0.0000	0.0500	0.0500	0.0000	0.4000	0.0500	0.3500	0.3000	0.0500	0.0000	0.0000	0.0500	0.3000	0.7000	0.0000	0.4000	0.3500	0.0000
T:	0.6500	0.5500	0.9500	1.0000	0.6000	0.1500	0.6500	0.6000	0.7500	0.6500	0.4500	-0.0000	0.5000	0.1500	0.5500	0.4500	0.6000	0.3000

Motif 111	MCM1	MacIsaac et al 2006
A:	0.0000	0.0000	0.0000	0.0500	0.1500	0.5500	0.0500	0.0000	0.0000	0.0000
C:	1.0000	0.9500	0.0000	0.0000	0.0000	0.3500	0.9500	1.0000	0.0500	0.1000
G:	0.0000	0.0500	1.0000	0.9000	0.1000	0.0000	0.0000	0.0000	0.9500	0.9000
T:	0.0000	0.0000	0.0000	0.0500	0.7500	0.1000	0.0000	0.0000	0.0000	0.0000

Motif 112	MET32	MacIsaac et al 2006
A:	0.2000	0.1500	0.1500	0.0000	0.0000	0.1000	0.3000	0.6000	0.0500	0.0500	0.3500	0.0000	0.0000	0.8000	0.9500	0.9000
C:	0.1500	0.0000	0.1000	1.0000	1.0000	0.4500	0.2000	0.0000	0.0500	0.2500	0.1000	0.0000	0.0000	0.0500	0.0500	0.0500
G:	0.1500	0.3000	0.1500	0.0000	0.0000	0.1500	0.3500	0.0000	0.0000	0.0500	0.4500	1.0000	1.0000	0.1000	0.0000	0.0500
T:	0.5000	0.5500	0.6000	0.0000	0.0000	0.3000	0.1500	0.4000	0.9000	0.6500	0.1000	0.0000	0.0000	0.0500	0.0000	-0.0000

Motif 113	MET31	MacIsaac et al 2006
A:	0.4000	0.9500	0.6000	0.0000	0.0000	0.0000	0.0000	0.0000	0.0000	0.0000
C:	0.4500	0.0000	0.0000	0.7000	0.0000	0.0000	0.0000	0.0000	0.0000	0.9500
G:	0.0500	0.0000	0.3000	0.2000	0.0000	1.0000	0.0000	1.0000	1.0000	0.0000
T:	0.1000	0.0500	0.1000	0.1000	1.0000	0.0000	1.0000	0.0000	0.0000	0.0500

Motif 114	SNF1	MacIsaac et al 2006
A:	0.2500	0.1000	0.0000	0.0000	0.0000	0.0000	0.0000	0.0500
C:	0.1000	0.1500	0.0000	0.0000	0.0500	0.0000	0.0000	0.4500
G:	0.4000	0.7500	0.0000	1.0000	0.0000	1.0000	0.7500	0.2000
T:	0.2500	0.0000	1.0000	0.0000	0.9500	0.0000	0.2500	0.3000

Motif 115	HAP5	MacIsaac et al 2006
A:	0.0000	0.0000	0.0000	0.3500	0.0000	0.3500	1.0000	0.0000	0.0000	0.0000	1.0000	1.0000	0.0000	0.0000	0.0000	0.0000	0.0000
C:	1.0000	1.0000	0.0000	0.0000	0.0000	0.0000	0.0000	0.0000	1.0000	0.0000	0.0000	0.0000	1.0000	0.6500	1.0000	0.0000	0.0000
G:	0.0000	0.0000	1.0000	0.6500	1.0000	0.6500	0.0000	0.0000	0.0000	1.0000	0.0000	0.0000	0.0000	0.0000	0.0000	1.0000	1.0000
T:	0.0000	0.0000	0.0000	0.0000	0.0000	0.0000	0.0000	1.0000	0.0000	0.0000	0.0000	0.0000	0.0000	0.3500	0.0000	0.0000	0.0000

Motif 116	HAP4	MacIsaac et al 2006
A:	0.0000	0.0000	1.0000	1.0000	0.0000
C:	1.0000	1.0000	0.0000	0.0000	0.0000
G:	0.0000	0.0000	0.0000	0.0000	0.0000
T:	0.0000	0.0000	0.0000	0.0000	1.0000

Motif 117	IXR1	MacIsaac et al 2006
A:	0.3500	0.0000	0.0000	1.0000	1.0000	0.0000	0.0000	0.9000	0.3000	0.3000	0.1500	0.2000	0.1500	0.1500	0.3500
C:	0.2000	1.0000	1.0000	0.0000	0.0000	0.1000	0.8000	0.0000	0.1000	0.2500	0.3000	0.3000	0.4000	0.3000	0.2500
G:	0.3000	0.0000	0.0000	0.0000	0.0000	0.0000	0.1000	0.1000	0.5500	0.3000	0.3500	0.3000	0.3000	0.4000	0.2500
T:	0.1500	0.0000	0.0000	0.0000	0.0000	0.9000	0.1000	-0.0000	0.0500	0.1500	0.2000	0.2000	0.1500	0.1500	0.1500

Motif 118	SFL1	MacIsaac et al 2006
A:	1.0000	0.7500	0.3000	0.1000	0.2500	0.2500	0.1000	0.6500	0.7500	0.0000	0.0000	0.1000	0.0000	0.0000	0.0000
C:	0.0000	0.0000	0.0000	0.9000	0.7500	0.0000	0.0000	0.0000	0.0000	0.0000	1.0000	0.0000	0.0000	0.0000	0.0000
G:	0.0000	0.0000	0.5500	0.0000	0.0000	0.7500	0.7500	0.3500	0.0000	1.0000	0.0000	0.9000	1.0000	0.5500	0.9000
T:	0.0000	0.2500	0.1500	0.0000	0.0000	0.0000	0.1500	0.0000	0.2500	0.0000	0.0000	0.0000	0.0000	0.4500	0.1000

Motif 119	HAP3	MacIsaac et al 2006
A:	0.0000	1.0000	1.0000	0.0000	0.0000	0.0000	0.0000	0.0000
C:	0.0000	0.0000	0.0000	0.0000	1.0000	0.0000	0.0000	1.0000
G:	1.0000	0.0000	0.0000	1.0000	0.0000	0.0000	0.0000	0.0000
T:	0.0000	0.0000	0.0000	0.0000	0.0000	1.0000	1.0000	0.0000

Motif 120	HAP2	MacIsaac et al 2006
A:	0.0000	0.0000	1.0000	1.0000	0.0000
C:	1.0000	1.0000	0.0000	0.0000	0.0000
G:	0.0000	0.0000	0.0000	0.0000	0.0000
T:	0.0000	0.0000	0.0000	0.0000	1.0000

Motif 121	RAP1	MacIsaac et al 2006
A:	0.0000	0.0000	0.8000	1.0000	0.0000	0.0500	0.7500	0.2500
C:	0.9500	1.0000	0.0000	0.0000	0.1000	0.4000	0.0000	0.2000
G:	0.0000	0.0000	0.1500	0.0000	0.1000	0.4500	0.2000	0.5000
T:	0.0500	0.0000	0.0500	0.0000	0.8000	0.1000	0.0500	0.0500

Motif 122	MOT3	MacIsaac et al 2006
A:	0.3500	0.1500	0.9000	0.0000	0.0000	0.0000	0.6500	0.0500	0.6000	0.0000	0.7000	0.0000
C:	0.2500	0.6000	0.0500	0.8500	1.0000	1.0000	0.0000	0.3000	0.0500	1.0000	0.3000	0.6500
G:	0.3000	0.1500	0.0500	0.0000	0.0000	0.0000	0.3500	0.2500	0.2500	0.0000	0.0000	0.0000
T:	0.1000	0.1000	-0.0000	0.1500	0.0000	0.0000	0.0000	0.4000	0.1000	0.0000	0.0000	0.3500

Motif 123	SKN7	MacIsaac et al 2006
A:	0.3000	1.0000	0.0000	0.0000	0.0000	1.0000
C:	0.3500	0.0000	0.0000	0.0000	0.5000	0.0000
G:	0.0500	0.0000	1.0000	1.0000	0.0000	0.0000
T:	0.3000	0.0000	0.0000	0.0000	0.5000	0.0000

Motif 124	CAT8	MacIsaac et al 2006
A:	0.0000	0.0000	0.0000	0.2000	0.0000	0.0500	0.0000	0.0000
C:	0.2500	1.0000	0.5000	0.1000	0.1000	0.3000	0.9500	0.8000
G:	0.3000	0.0000	0.2000	0.7000	0.8500	0.6500	0.0500	0.1500
T:	0.4500	0.0000	0.3000	0.0000	0.0500	-0.0000	0.0000	0.0500

Motif 125	NIT2	MacIsaac et al 2006
A:	0.0000	0.0000	0.8000	0.0000	0.0000	0.1000	0.3000	0.2000	0.0000	0.0000
C:	1.0000	1.0000	0.0000	0.1000	0.1000	0.5000	0.2000	0.1000	1.0000	1.0000
G:	0.0000	0.0000	0.2000	0.1000	0.0000	0.3000	0.5000	0.2000	0.0000	0.0000
T:	0.0000	0.0000	-0.0000	0.8000	0.9000	0.1000	-0.0000	0.5000	0.0000	0.0000

Motif 126	STRE	MacIsaac et al 2006
A:	0.0000	1.0000	0.0000	0.0000	0.2727	0.4545
C:	0.0000	0.0000	0.0000	1.0000	0.0000	0.3636
G:	0.0000	0.0000	0.0000	0.0000	0.1818	0.0000
T:	1.0000	0.0000	1.0000	0.0000	0.5455	0.1819

Motif 127	MATALPHA2	MacIsaac et al 2006
A:	0.1765	0.3529	1.0000	0.0000	0.0000	0.0000	0.0000	0.2353
C:	0.1765	0.4118	0.0000	0.0000	0.0000	0.0000	0.0000	0.2941
G:	0.0588	0.0588	0.0000	1.0000	1.0000	1.0000	1.0000	0.4118
T:	0.5882	0.1765	0.0000	0.0000	0.0000	0.0000	0.0000	0.0588

Motif 128	ABF	MacIsaac et al 2006
A:	0.1429	0.1429	0.5714	0.0714	0.0000	0.0000	0.3571	0.5000	0.5000	0.4286
C:	0.1429	0.7143	0.0714	0.0714	0.0000	0.0714	0.2143	0.1429	0.0714	0.2143
G:	0.2143	0.0714	0.2857	0.0000	0.9286	0.0000	0.1429	0.1429	0.0000	0.0714
T:	0.4999	0.0714	0.0715	0.8572	0.0714	0.9286	0.2857	0.2142	0.4286	0.2857

Motif 129	MAT1MC	MacIsaac et al 2006
A:	0.2093	0.6512	0.0000	0.0000	0.6860	0.0000	0.0930	0.3953	0.1628	0.4535	0.3837	1.0000	0.0000	0.0000	0.4070
C:	0.2674	0.0000	0.0000	1.0000	0.0465	0.5349	0.1047	0.2326	0.1977	0.2674	0.1279	0.0000	1.0000	0.0000	0.0000
G:	0.1977	0.3488	0.0000	0.0000	0.1512	0.0000	0.1977	0.1628	0.1512	0.1163	0.2558	0.0000	0.0000	1.0000	0.2209
T:	0.3256	0.0000	1.0000	0.0000	0.1163	0.4651	0.6046	0.2093	0.4883	0.1628	0.2326	0.0000	0.0000	0.0000	0.3721

Motif 130	TAF	MacIsaac et al 2006
A:	0.6667	0.0000	0.5000	0.0000	0.0000	0.0000	0.0000	0.0000	0.0000	0.0000	0.0000	0.0000	0.0000	0.1667	0.3333	0.0000	0.1667	0.5000
C:	0.0000	0.0000	0.0000	0.5000	0.3333	0.1667	1.0000	0.0000	0.0000	0.0000	0.0000	0.0000	0.0000	0.1667	0.1667	0.1667	0.3333	0.1667
G:	0.1667	0.6667	0.3333	0.1667	0.3333	0.0000	0.0000	0.0000	0.0000	0.0000	1.0000	0.0000	0.0000	0.5000	0.3333	0.3333	0.0000	0.1667
T:	0.1666	0.3333	0.1667	0.3333	0.3334	0.8333	0.0000	1.0000	1.0000	1.0000	0.0000	1.0000	1.0000	0.1666	0.1667	0.5000	0.5000	0.1666

Motif 131	ABAA	MacIsaac et al 2006
A:	0.0000	0.0000	0.0000	0.1667	0.1667	0.3333	0.6667	0.5000	0.6667	0.0000	0.0000	0.8333	0.0000	0.3333	0.6667
C:	1.0000	0.0000	0.0000	0.3333	0.3333	0.1667	0.0000	0.1667	0.0000	0.5000	0.0000	0.0000	0.6667	0.3333	0.0000
G:	0.0000	1.0000	0.0000	0.1667	0.1667	0.5000	0.3333	0.1667	0.3333	0.0000	1.0000	0.0000	0.0000	0.0000	0.0000
T:	0.0000	0.0000	1.0000	0.3333	0.3333	0.0000	0.0000	0.1666	0.0000	0.5000	0.0000	0.1667	0.3333	0.3334	0.3333

Motif 132	UAY	MacIsaac et al 2006
A:	0.1364	0.2273	0.0909	0.0000	0.0000	0.0455	0.3182	0.0000	1.0000	0.0000	0.0000	0.0000	0.0000	0.3182	0.2273	0.1818	0.1364	0.2727	0.0455
C:	0.4545	0.4091	0.2727	0.2727	0.4545	0.3636	0.0909	1.0000	0.0000	0.0000	0.0000	1.0000	0.6818	0.2273	0.1818	0.3182	0.2727	0.4091	0.3182
G:	0.0909	0.2727	0.2273	0.2727	0.0909	0.0455	0.3182	0.0000	0.0000	0.0000	0.0000	0.0000	0.0000	0.0909	0.3182	0.1364	0.3636	0.1818	0.2273
T:	0.3182	0.0909	0.4091	0.4546	0.4546	0.5454	0.2727	0.0000	0.0000	1.0000	1.0000	0.0000	0.3182	0.3636	0.2727	0.3636	0.2273	0.1364	0.4090

Motif 133	STUAP	MacIsaac et al 2006
A:	0.6000	0.2000	0.0000	0.0000	0.0000	0.6000	0.2000	0.0000	0.4000	0.0000	0.0000	0.0000	0.0000	0.0000	0.8000	0.0000
C:	0.0000	0.2000	1.0000	0.0000	0.6000	0.4000	0.0000	0.4000	0.4000	0.4000	0.0000	1.0000	1.0000	0.0000	0.2000	0.6000
G:	0.4000	0.0000	0.0000	1.0000	0.4000	0.0000	0.6000	0.4000	0.0000	0.4000	0.6000	0.0000	0.0000	1.0000	0.0000	0.0000
T:	0.0000	0.6000	0.0000	0.0000	0.0000	0.0000	0.2000	0.2000	0.2000	0.2000	0.4000	0.0000	0.0000	0.0000	-0.0000	0.4000

Motif 134	LAC9	MacIsaac et al 2006
A:	0.3000	0.6000	0.4000	0.0000	0.0000	0.0000	0.0000	0.4000	0.3000	0.4000
C:	0.3000	0.0000	0.1000	1.0000	0.0000	1.0000	0.0000	0.2000	0.4000	0.4000
G:	0.3000	0.1000	0.0000	0.0000	1.0000	0.0000	1.0000	0.0000	0.3000	0.0000
T:	0.1000	0.3000	0.5000	0.0000	0.0000	0.0000	0.0000	0.4000	-0.0000	0.2000

Motif 135	QA1F	MacIsaac et al 2006
A:	0.1389	0.0000	0.5000	0.1389	0.0000	0.0000	0.0000	0.7130	0.5741	0.1481	0.5648	0.0000	0.1574	0.0000	0.0000	0.4167	0.2685	0.1481	0.0000	0.0000	0.0000	0.2963
C:	0.2685	0.0000	0.5000	0.0000	1.0000	0.0000	0.0000	0.1481	0.1481	0.2778	0.0000	0.7037	0.0000	0.1389	0.4074	0.1389	0.4352	0.0000	1.0000	1.0000	0.1481	0.1481
G:	0.2963	0.0000	0.0000	0.2963	0.0000	1.0000	1.0000	0.1389	0.0000	0.1481	0.0000	0.0000	0.0000	0.4444	0.1481	0.2963	0.2963	0.0000	0.0000	0.0000	0.8519	0.2778
T:	0.2963	1.0000	0.0000	0.5648	0.0000	0.0000	0.0000	0.0000	0.2778	0.4260	0.4352	0.2963	0.8426	0.4167	0.4445	0.1481	0.0000	0.8519	0.0000	0.0000	0.0000	0.2778

Motif 136	DDE1	MacIsaac et al 2006
A:	0.2308	0.1538	0.0000	0.0000	0.3077	0.0769	0.7692	0.9231	0.3846	0.0769	0.3846	0.1538	0.0000	0.0769	0.8462	0.2308	0.0769	0.1538	0.0769	0.0000
C:	0.5385	0.4615	0.0769	0.0000	0.2308	0.0000	0.0769	0.0000	0.0000	0.3846	0.1538	0.4615	0.0000	0.2308	0.0769	0.0769	0.7692	0.7692	0.2308	0.3846
G:	0.0000	0.0769	0.9231	1.0000	0.3077	0.0769	0.1538	0.0000	0.3077	0.1538	0.3846	0.0000	0.0000	0.0000	0.0000	0.0000	0.0769	0.0769	0.3846	0.3846
T:	0.2307	0.3078	0.0000	0.0000	0.1538	0.8462	0.0001	0.0769	0.3077	0.3847	0.0770	0.3847	1.0000	0.6923	0.0769	0.6923	0.0770	0.0001	0.3077	0.2308

Motif 137	PACC	MacIsaac et al 2006
A:	0.2000	0.1000	0.0000	0.0000	0.1000	0.7000	0.0000	0.1000	0.1000
C:	0.5000	0.2000	0.7000	0.0000	0.9000	0.1000	0.0000	0.9000	0.7000
G:	0.2000	0.7000	0.2000	0.0000	0.0000	0.0000	1.0000	0.0000	0.0000
T:	0.1000	0.0000	0.1000	1.0000	0.0000	0.2000	0.0000	0.0000	0.2000

Motif 138	FACBALL	MacIsaac et al 2006
A:	0.4000	0.4000	0.0000	0.2000	0.0000	0.0000	0.0000	1.0000	0.6000	0.0000	0.4000	0.2000	0.2000	0.4000	0.2000	0.2000	0.2000
C:	0.4000	0.4000	0.8000	0.2000	0.0000	1.0000	1.0000	0.0000	0.0000	0.0000	0.6000	0.2000	0.2000	0.4000	0.4000	0.4000	0.2000
G:	0.2000	0.0000	0.2000	0.4000	1.0000	0.0000	0.0000	0.0000	0.4000	1.0000	0.0000	0.6000	0.4000	0.0000	0.4000	0.0000	0.2000
T:	-0.0000	0.2000	-0.0000	0.2000	0.0000	0.0000	0.0000	0.0000	0.0000	0.0000	0.0000	0.0000	0.2000	0.2000	0.0000	0.4000	0.4000

Motif 139	FACBCB	MacIsaac et al 2006
A:	0.2143	0.2143	0.1429	0.2143	0.3571	0.0000	0.0000	0.2857	0.2143	0.1786	0.1964	0.1250	0.0893	0.1429	0.0000	0.2143	0.1429	0.2143	0.0000	0.0714	0.6429	0.2321	0.2143	0.1429	0.3571	0.0714
C:	0.4286	0.2143	0.4286	0.1429	0.2857	0.0000	1.0000	0.5714	0.2143	0.3750	0.0000	0.5000	0.2679	0.3571	0.3571	0.5714	0.2143	0.3571	0.1429	0.0714	0.3571	0.1607	0.3571	0.2143	0.0000	0.2857
G:	0.2143	0.2143	0.2857	0.2143	0.0714	0.3571	0.0000	0.1429	0.4286	0.1786	0.1964	0.1250	0.2679	0.1429	0.2857	0.0714	0.3571	0.2857	0.7143	0.8571	0.0000	0.3036	0.1429	0.2857	0.1429	0.2857
T:	0.1428	0.3571	0.1428	0.4285	0.2858	0.6429	0.0000	-0.0000	0.1428	0.2678	0.6072	0.2500	0.3749	0.3571	0.3572	0.1429	0.2857	0.1429	0.1428	0.0001	0.0000	0.3036	0.2857	0.3571	0.5000	0.3572

Motif 140	GBF	MacIsaac et al 2006
A:	0.2000	0.0000	0.0000	0.2000	0.4000	0.0000	0.0000	0.8000	0.2000	0.2500	0.0000	0.0000	0.2500	0.2500	0.0000	0.0000	0.2000	0.2000	0.0000	0.0000	0.0000	0.0000	0.4000	0.4000	0.0000	0.2000
C:	0.4000	0.4000	0.2000	0.2000	0.2000	0.0000	1.0000	0.2000	0.0000	0.5000	0.0000	0.3500	0.0000	0.0000	0.4000	0.0000	0.8000	0.2000	0.6000	0.2000	0.0000	1.0000	0.4000	0.4000	0.2000	0.0000
G:	0.2000	0.2000	0.6000	0.0000	0.0000	1.0000	0.0000	0.0000	0.8000	0.0000	0.5000	0.0000	0.0000	0.0000	0.2000	0.6000	0.0000	0.0000	0.0000	0.6000	1.0000	0.0000	0.2000	0.0000	0.4000	0.0000
T:	0.2000	0.4000	0.2000	0.6000	0.4000	0.0000	0.0000	-0.0000	0.0000	0.2500	0.5000	0.6500	0.7500	0.7500	0.4000	0.4000	0.0000	0.6000	0.4000	0.2000	0.0000	0.0000	-0.0000	0.2000	0.4000	0.8000

Motif 141	HAP234	MacIsaac et al 2006
A:	0.2000	0.0000	0.2000	0.2000	0.0000	0.0000	0.0000	0.0000	0.2000
C:	0.0000	0.0000	0.0000	0.0000	0.0000	0.0000	0.0000	0.0000	0.0000
G:	0.0000	0.0000	0.6000	0.8000	1.0000	0.8000	1.0000	0.0000	0.6000
T:	0.8000	1.0000	0.2000	0.0000	0.0000	0.2000	0.0000	1.0000	0.2000

Motif 142	HSF	MacIsaac et al 2006
A:	0.5000	0.0714	0.0714	0.2857	0.4286	0.0000	0.0000	1.0000	1.0000	0.0000	0.2857	0.9286	0.2143	0.5000	0.2857	0.3571
C:	0.1429	0.4286	0.6429	0.3571	0.0000	1.0000	1.0000	0.0000	0.0000	0.1429	0.4286	0.0000	0.3571	0.3571	0.2143	0.2143
G:	0.1429	0.0000	0.2143	0.3571	0.2857	0.0000	0.0000	0.0000	0.0000	0.0000	0.1429	0.0714	0.3571	0.1429	0.3571	0.2857
T:	0.2142	0.5000	0.0714	0.0001	0.2857	0.0000	0.0000	0.0000	0.0000	0.8571	0.1428	0.0000	0.0715	0.0000	0.1429	0.1429

Motif 143	REPCAR1	MacIsaac et al 2006
A:	0.5417	0.0000	0.9167	0.9167	0.2500
C:	0.1250	0.0000	0.0000	0.0000	0.3750
G:	0.2500	0.9583	0.0417	0.0417	0.1667
T:	0.0833	0.0417	0.0416	0.0416	0.2083

Motif 144	FACBCA	MacIsaac et al 2006
A:	0.1778	0.4222	0.1333	0.0667	0.9333	0.1333	0.0000	0.0000	0.1333	0.0000	0.0000	0.3333	0.6667	0.4000	0.4000	0.2889	0.2889
C:	0.2444	0.1778	0.3333	0.0000	0.0000	0.0000	1.0000	1.0000	0.0000	0.9333	0.8667	0.1333	0.1333	0.2000	0.1333	0.2889	0.3556
G:	0.2444	0.1556	0.2667	0.1333	0.0000	0.8667	0.0000	0.0000	0.8000	0.0667	0.1333	0.4667	0.1333	0.3333	0.4667	0.3556	0.2889
T:	0.3334	0.2444	0.2667	0.8000	0.0667	0.0000	0.0000	0.0000	0.0667	-0.0000	-0.0000	0.0667	0.0667	0.0667	0.0000	0.0666	0.0666

Motif 145	STE11	MacIsaac et al 2006
A:	0.2222	0.3333	0.2222	0.2222	0.3333	0.0000	0.0000	0.0000	0.2222	0.1333	0.3333	0.2000	0.0000	0.2222	0.0000	0.2444	0.1111	0.3333	0.0000	0.0000	1.0000	0.1111	0.1111	0.2222	0.4444	0.0000
C:	0.4444	0.2222	0.5556	0.1111	0.3333	0.0000	1.0000	0.7778	0.3333	0.2889	0.0000	0.6000	0.4444	0.3333	0.2222	0.5111	0.2222	0.2222	0.1111	0.1111	0.0000	0.0000	0.3333	0.2222	0.0000	0.3333
G:	0.2222	0.1111	0.1111	0.3333	0.1111	0.0000	0.0000	0.2222	0.2222	0.2889	0.0000	0.2000	0.4444	0.1111	0.4444	0.0000	0.5556	0.4444	0.7778	0.8889	0.0000	0.4444	0.2222	0.2222	0.2222	0.2222
T:	0.1112	0.3334	0.1111	0.3334	0.2223	1.0000	0.0000	-0.0000	0.2223	0.2889	0.6667	0.0000	0.1112	0.3334	0.3334	0.2445	0.1111	0.0001	0.1111	0.0000	0.0000	0.4445	0.3334	0.3334	0.3334	0.4445

Motif 146	TBP	MacIsaac et al 2006
A:	0.3529	0.5294	0.2941	0.1176	0.0000	0.0000	0.0000	0.0000	0.0000	0.0000	0.0000	0.0000	0.0000	0.2353	0.2941	0.2941	0.3529	0.4118
C:	0.1176	0.0588	0.2353	0.1176	0.0000	0.0588	1.0000	0.0000	0.0000	0.0000	0.0000	0.0000	0.0000	0.2941	0.1765	0.2941	0.1176	0.0000
G:	0.2353	0.1176	0.2941	0.0000	0.0000	0.0000	0.0000	0.0000	0.0000	0.0000	1.0000	0.0000	0.0000	0.0588	0.2353	0.0588	0.1176	0.0588
T:	0.2942	0.2942	0.1765	0.7648	1.0000	0.9412	0.0000	1.0000	1.0000	1.0000	0.0000	1.0000	1.0000	0.4118	0.2941	0.3530	0.4119	0.5294

Motif 147	HSF1	MacIsaac et al 2006
A:	0.0000	0.3478	0.0435	0.1739	0.0000	1.0000	0.1304	0.8696	0.0870
C:	0.3478	0.2609	0.3043	0.0000	0.0870	0.0000	0.0000	0.0000	0.0435
G:	0.1304	0.0870	0.0000	0.0435	0.0000	0.0000	0.0000	0.0000	0.1739
T:	0.5218	0.3043	0.6522	0.7826	0.9130	0.0000	0.8696	0.1304	0.6956
